
p is initialized as 0.5

It.      Pn-1           Pn        f(Pn)     Absolute Error
 -----------------------------------------------------------
  1   0.50000000   6.48074055 1747.51892090   5.98074055
  2   6.48074055   0.62641722  -10.47244072   5.85432339
  3   0.62641722   5.20390940  718.15893555   4.57749224
  4   5.20390940   0.74928647  -10.43408298   4.45462275
  5   0.74928647   4.37564325  352.20339966   3.62635684
  6   4.37564325   0.86650634  -10.30275536   3.50913692
  7   0.86650634   3.80428672  195.65177917   2.93778038
  8   3.80428672   0.97663832  -10.06686115   2.82764840
  9   0.97663832   3.39235210  119.04292297   2.41571379
 10   3.39235210   1.07876670   -9.72448158   2.31358528
 11   1.07876670   3.08544755   77.54468536   2.00668097
 12   3.08544755   1.17240083   -9.28308487   1.91304672
 13   1.17240083   2.85099936   53.21659851   1.67859852
 14   2.85099936   1.25739384   -8.75770855   1.59360552
 15   1.25739384   2.66837955   38.02956772   1.41098571
 16   2.66837955   1.33386827   -8.16829872   1.33451128
 17   1.33386827   2.52392316   28.05537796   1.19005489
 18   2.52392316   1.40214860   -7.53691101   1.12177455
 19   1.40214860   2.40823722   21.22719574   1.00608861
 20   2.40823722   1.46270168   -6.88525820   0.94553554
 21   1.46270168   2.31466269   16.38989067   0.85196102
 22   2.31466269   1.51608503   -6.23291922   0.79857767
 23   1.51608503   2.23835444   12.86405563   0.72226942
 24   2.23835444   1.56290531   -5.59625387   0.67544913
 25   1.56290531   2.17570901   10.23229980   0.61280370
 26   2.17570901   1.60378563   -4.98794174   0.57192338
 27   1.60378563   2.12399507    8.22832870   0.52020943
 28   2.12399507   1.63934124   -4.41700935   0.48465383
 29   1.63934124   2.08110905    6.67657852   0.44176781
 30   2.08110905   1.67016196   -3.88918114   0.41094708
 31   1.67016196   2.04540753    5.45787144   0.37524557
 32   2.04540753   1.69680095   -3.40739155   0.34860659
 33   1.69680095   2.01559210    4.48921967   0.31879115
 34   2.01559210   1.71976840   -2.97235012   0.29582369
 35   1.71976840   1.99062538    3.71149063   0.27085698
 36   1.99062538   1.73952782   -2.58311081   0.25109756
 37   1.73952782   1.96967208    3.08168697   0.23014426
 38   1.96967208   1.75649607   -2.23755217   0.21317601
 39   1.75649607   1.95205379    2.56796265   0.19555771
 40   1.95205379   1.77104461   -1.93279076   0.18100917
 41   1.77104461   1.93721581    2.14632988   0.16617119
 42   1.93721581   1.78350163   -1.66551590   0.15371418
 43   1.78350163   1.92470288    1.79847813   0.14120126
 44   1.92470288   1.79415548   -1.43223381   0.13054740
 45   1.79415548   1.91413844    1.51021385   0.11998296
 46   1.91413844   1.80325854   -1.22943687   0.11087990
 47   1.80325854   1.90521049    1.27043343   0.10195196
 48   1.90521049   1.81102967   -1.05375385   0.09418082
 49   1.81102967   1.89765954    1.07034588   0.08662987
 50   1.89765954   1.81765926   -0.90200138   0.08000028
 51   1.81765926   1.89126873    0.90292645   0.07360947
 52   1.89126873   1.82331145   -0.77124691   0.06795728
 53   1.82331145   1.88585675    0.76251984   0.06254530
 54   1.88585675   1.82812774   -0.65882301   0.05772901
 55   1.82812774   1.88127136    0.64453793   0.05314362
 56   1.88127136   1.83223009   -0.56233025   0.04904127
 57   1.83223009   1.87738466    0.54523087   0.04515457
 58   1.87738466   1.83572304   -0.47963810   0.04166162
 59   1.83572304   1.87408912    0.46153069   0.03836608
 60   1.87408912   1.83869588   -0.40886879   0.03539324
 61   1.83869588   1.87129402    0.39089870   0.03259814
 62   1.87129402   1.84122550   -0.34836960   0.03006852
 63   1.84122550   1.86892271    0.33123207   0.02769721
 64   1.86892271   1.84337759   -0.29669571   0.02554512
 65   1.84337759   1.86691058    0.28078938   0.02353299
 66   1.86691058   1.84520793   -0.25259781   0.02170265
 67   1.84520793   1.86520278    0.23810959   0.01999485
 68   1.86520278   1.84676456   -0.21498585   0.01843822
 69   1.84676456   1.86375296    0.20197105   0.01698840
 70   1.86375296   1.84808826   -0.18292427   0.01566470
 71   1.84808826   1.86252213    0.17136002   0.01443386
 72   1.86252213   1.84921360   -0.15561104   0.01330853
 73   1.84921360   1.86147702    0.14541817   0.01226342
 74   1.86147702   1.85017037   -0.13234806   0.01130664
 75   1.85017037   1.86058950    0.12342262   0.01041913
 76   1.86058950   1.85098362   -0.11254597   0.00960588
 77   1.85098362   1.85983598    0.10477543   0.00885236
 78   1.85983598   1.85167468   -0.09569836   0.00816131
 79   1.85167468   1.85919607    0.08895683   0.00752139
 80   1.85919607   1.85226202   -0.08136177   0.00693405
 81   1.85226202   1.85865259    0.07553482   0.00639057
 82   1.85865259   1.85276115   -0.06916904   0.00589144
 83   1.85276115   1.85819089    0.06414509   0.00542974
 84   1.85819089   1.85318542   -0.05879593   0.00500548
 85   1.85318542   1.85779881    0.05447769   0.00461340
 86   1.85779881   1.85354602   -0.04997253   0.00425279
 87   1.85354602   1.85746562    0.04626656   0.00391960
 88   1.85746562   1.85385239   -0.04247284   0.00361323
 89   1.85385239   1.85718262    0.03929615   0.00333023
 90   1.85718262   1.85411274   -0.03609657   0.00306988
 91   1.85411274   1.85694230    0.03338146   0.00282955
 92   1.85694230   1.85433388   -0.03067970   0.00260842
 93   1.85433388   1.85673809    0.02835560   0.00240421
 94   1.85673809   1.85452199   -0.02606773   0.00221610
 95   1.85452199   1.85656452    0.02408600   0.00204253
 96   1.85656452   1.85468173   -0.02215290   0.00188279
 97   1.85468173   1.85641706    0.02045918   0.00173533
 98   1.85641706   1.85481751   -0.01882362   0.00159955
 99   1.85481751   1.85629177    0.01737785   0.00147426
100   1.85629177   1.85493290   -0.01599216   0.00135887
101   1.85493290   1.85618532    0.01476002   0.00125241
102   1.85618532   1.85503089   -0.01358891   0.00115442
103   1.85503089   1.85609496    0.01253891   0.00106406
104   1.85609496   1.85511422   -0.01154518   0.00098073
105   1.85511422   1.85601819    0.01065254   0.00090396
106   1.85601819   1.85518491   -0.00981045   0.00083327
107   1.85518491   1.85595298    0.00905037   0.00076807
108   1.85595298   1.85524499   -0.00833607   0.00070798
109   1.85524499   1.85589755    0.00768852   0.00065255
110   1.85589755   1.85529613   -0.00708103   0.00060141
111   1.85529613   1.85585034    0.00652885   0.00055420
112   1.85585034   1.85533953   -0.00601387   0.00051081
113   1.85533953   1.85581040    0.00554752   0.00047088
114   1.85581040   1.85537636   -0.00511074   0.00043404
115   1.85537636   1.85577643    0.00471210   0.00040007
116   1.85577643   1.85540771   -0.00434113   0.00036871
117   1.85540771   1.85574746    0.00400162   0.00033975
118   1.85574746   1.85543430   -0.00368881   0.00031316
119   1.85543430   1.85572302    0.00340080   0.00028872
120   1.85572302   1.85545695   -0.00313377   0.00026608
121   1.85545695   1.85570216    0.00288868   0.00024521
122   1.85570216   1.85547614   -0.00266171   0.00022602
123   1.85547614   1.85568440    0.00245285   0.00020826
124   1.85568440   1.85549247   -0.00226116   0.00019193
125   1.85549247   1.85566938    0.00208473   0.00017691
126   1.85566938   1.85550630   -0.00192165   0.00016308
127   1.85550630   1.85565662    0.00177002   0.00015032
128   1.85565662   1.85551810   -0.00163174   0.00013852
129   1.85551810   1.85564578    0.00150490   0.00012767
130   1.85564578   1.85552812   -0.00138474   0.00011766
131   1.85552812   1.85563660    0.00127888   0.00010848
132   1.85563660   1.85553658   -0.00117683   0.00010002
133   1.85553658   1.85562873    0.00108528   0.00009215
134   1.85562873   1.85554373   -0.00100231   0.00008500
135   1.85554373   1.85562205    0.00092125   0.00007832
136   1.85562205   1.85554993   -0.00084877   0.00007212
137   1.85554993   1.85561645    0.00078392   0.00006652
138   1.85561645   1.85555518   -0.00072193   0.00006127
139   1.85555518   1.85561156    0.00066376   0.00005639
140   1.85561156   1.85555971   -0.00060844   0.00005186
141   1.85555971   1.85560739    0.00056171   0.00004768
142   1.85560739   1.85556340   -0.00051880   0.00004399
143   1.85556340   1.85560393    0.00047588   0.00004053
144   1.85560393   1.85556662   -0.00044060   0.00003731
145   1.85556662   1.85560095    0.00040340   0.00003433
146   1.85560095   1.85556936   -0.00037193   0.00003159
147   1.85556936   1.85559857    0.00034523   0.00002921
148   1.85559857   1.85557163   -0.00031757   0.00002694
149   1.85557163   1.85559642    0.00029182   0.00002480
150   1.85559642   1.85557353   -0.00026989   0.00002289
151   1.85557353   1.85559475    0.00025082   0.00002122
152   1.85559475   1.85557508   -0.00023270   0.00001967
153   1.85557508   1.85559332    0.00021553   0.00001824
154   1.85559332   1.85557652   -0.00019741   0.00001681
155   1.85557652   1.85559189    0.00018120   0.00001538
156   1.85559189   1.85557783   -0.00016403   0.00001407
157   1.85557783   1.85559070    0.00015068   0.00001287
158   1.85559070   1.85557890   -0.00013733   0.00001180
159   1.85557890   1.85558975    0.00012779   0.00001085
160   1.85558975   1.85557973   -0.00011826   0.00001001
161   1.85557973   1.85558891    0.00010681   0.00000918
162   1.85558891   1.85558057   -0.00009823   0.00000834
163   1.85558057   1.85558820    0.00008965   0.00000763
164   1.85558820   1.85558105   -0.00008583   0.00000715
165   1.85558105   1.85558772    0.00007820   0.00000668
166   1.85558772   1.85558152   -0.00007439   0.00000620
167   1.85558152   1.85558724    0.00006580   0.00000572
168   1.85558724   1.85558200   -0.00006199   0.00000525
169   1.85558200   1.85558689    0.00005817   0.00000489
170   1.85558689   1.85558236   -0.00005341   0.00000453
171   1.85558236   1.85558653    0.00004959   0.00000417
172   1.85558653   1.85558271   -0.00004387   0.00000381
173   1.85558271   1.85558617    0.00004101   0.00000346
174   1.85558617   1.85558295   -0.00003815   0.00000322
175   1.85558295   1.85558593    0.00003433   0.00000298
176   1.85558593   1.85558319   -0.00003338   0.00000274
177   1.85558319   1.85558569    0.00002766   0.00000250
178   1.85558569   1.85558343   -0.00002670   0.00000226
179   1.85558343   1.85558546    0.00002384   0.00000203
180   1.85558546   1.85558355   -0.00002384   0.00000191
181   1.85558355   1.85558534    0.00002098   0.00000179
182   1.85558534   1.85558367   -0.00002098   0.00000167
183   1.85558367   1.85558522    0.00001717   0.00000155
184   1.85558522   1.85558379   -0.00001812   0.00000143
185   1.85558379   1.85558522    0.00001717   0.00000143
186   1.85558522   1.85558379   -0.00001812   0.00000143
187   1.85558379   1.85558522    0.00001717   0.00000143
188   1.85558522   1.85558379   -0.00001812   0.00000143
189   1.85558379   1.85558522    0.00001717   0.00000143
190   1.85558522   1.85558379   -0.00001812   0.00000143
191   1.85558379   1.85558522    0.00001717   0.00000143
192   1.85558522   1.85558379   -0.00001812   0.00000143
193   1.85558379   1.85558522    0.00001717   0.00000143
194   1.85558522   1.85558379   -0.00001812   0.00000143
195   1.85558379   1.85558522    0.00001717   0.00000143
196   1.85558522   1.85558379   -0.00001812   0.00000143
197   1.85558379   1.85558522    0.00001717   0.00000143
198   1.85558522   1.85558379   -0.00001812   0.00000143
199   1.85558379   1.85558522    0.00001717   0.00000143

p is initialized as 1.0

It.      Pn-1           Pn        f(Pn)     Absolute Error
 -----------------------------------------------------------
  1   1.00000000   3.31662488  107.68339539   2.31662488
  2   3.31662488   1.10027361   -9.63471603   2.21635127
  3   1.10027361   3.02807164   71.04649353   1.92779803
  4   3.02807164   1.19199359   -9.17318249   1.83607805
  5   1.19199359   2.80659533   49.24017715   1.61460173
  6   2.80659533   1.27507877   -8.63176918   1.53151655
  7   1.27507877   2.63343596   35.46058655   1.35835719
  8   2.63343596   1.34970224   -8.03112507   1.28373373
  9   1.34970224   2.49605560   26.32050323   1.14635336
 10   2.49605560   1.41622484   -7.39342165   1.07983077
 11   1.41622484   2.38577247   20.01206970   0.96954763
 12   2.38577247   1.47513759   -6.74002743   0.91063488
 13   1.47513759   2.29639411   15.51262856   0.82125652
 14   2.29639411   1.52701211   -6.08987999   0.76938200
 15   1.52701211   2.22339129   12.21449471   0.69637918
 16   2.22339129   1.57246125   -5.45854044   0.65093005
 17   1.57246125   2.16338062    9.74103928   0.59091938
 18   2.16338062   1.61210835   -4.85786152   0.55127227
 19   1.61210835   2.11378741    7.85010529   0.50167906
 20   2.11378741   1.64656413   -4.29610205   0.46722329
 21   1.64656413   2.07262278    6.38097763   0.42605865
 22   2.07262278   1.67641115   -3.77832031   0.39621162
 23   1.67641115   2.03832841    5.22389221   0.36191726
 24   2.03832841   1.70219350   -3.30690384   0.33613491
 25   1.70219350   2.00966978    4.30201340   0.30747628
 26   2.00966978   1.72441113   -2.88215160   0.28525865
 27   1.72441113   1.98565912    3.56034660   0.26124799
 28   1.98565912   1.74351728   -2.50281382   0.24214184
 29   1.74351728   1.96549904    2.95871162   0.22198176
 30   1.96549904   1.75991845   -2.16657066   0.20558059
 31   1.75991845   1.94854116    2.46724701   0.18862271
 32   1.94854116   1.77397645   -1.87041473   0.17456472
 33   1.77397645   1.93425500    2.06338787   0.16027856
 34   1.93425500   1.78601015   -1.61098003   0.14824486
 35   1.78601015   1.92220402    1.72984791   0.13619387
 36   1.92220402   1.79629970   -1.38475418   0.12590432
 37   1.79629970   1.91202736    1.45320129   0.11572766
 38   1.91202736   1.80508947   -1.18825722   0.10693789
 39   1.80508947   1.90342557    1.22291374   0.09833610
 40   1.90342557   1.81259203   -1.01814842   0.09083354
 41   1.81259203   1.89614940    1.03062534   0.08355737
 42   1.89614940   1.81899142   -0.87129784   0.07715797
 43   1.81899142   1.88999021    0.86964417   0.07099879
 44   1.88999021   1.82444668   -0.74483109   0.06554353
 45   1.82444668   1.88477373    0.73457336   0.06032705
 46   1.88477373   1.82909489   -0.63613415   0.05567884
 47   1.82909489   1.88035357    0.62102985   0.05125868
 48   1.88035357   1.83305371   -0.54287624   0.04729986
 49   1.83305371   1.87660658    0.52542782   0.04355288
 50   1.87660658   1.83642399   -0.46298504   0.04018259
 51   1.83642399   1.87342918    0.44482327   0.03700519
 52   1.87342918   1.83929253   -0.39462376   0.03413665
 53   1.83929253   1.87073421    0.37679100   0.03144169
 54   1.87073421   1.84173310   -0.33619881   0.02900112
 55   1.84173310   1.86844766    0.31930923   0.02671456
 56   1.86844766   1.84380937   -0.28630543   0.02463830
 57   1.84380937   1.86650717    0.27069664   0.02269781
 58   1.86650717   1.84557533   -0.24372959   0.02093184
 59   1.84557533   1.86486042    0.22956657   0.01928508
 60   1.86486042   1.84707701   -0.20742416   0.01778340
 61   1.84707701   1.86346233    0.19473648   0.01638532
 62   1.86346233   1.84835386   -0.17648125   0.01510847
 63   1.84835386   1.86227536    0.16523170   0.01392150
 64   1.86227536   1.84943938   -0.15012455   0.01283598
 65   1.84943938   1.86126757    0.14022446   0.01182818
 66   1.86126757   1.85036218   -0.12767982   0.01090539
 67   1.85036218   1.86041176    0.11902142   0.01004958
 68   1.86041176   1.85114658   -0.10857391   0.00926518
 69   1.85114658   1.85968494    0.10103989   0.00853837
 70   1.85968494   1.85181332   -0.09231472   0.00787163
 71   1.85181332   1.85906768    0.08578491   0.00725436
 72   1.85906768   1.85238004   -0.07847881   0.00668764
 73   1.85238004   1.85854328    0.07283783   0.00616324
 74   1.85854328   1.85286164   -0.06671238   0.00568163
 75   1.85286164   1.85809791    0.06184959   0.00523627
 76   1.85809791   1.85327101   -0.05670166   0.00482690
 77   1.85327101   1.85771966    0.05252552   0.00444865
 78   1.85771966   1.85361862   -0.04819679   0.00410104
 79   1.85361862   1.85739851    0.04461288   0.00377989
 80   1.85739851   1.85391414   -0.04096127   0.00348437
 81   1.85391414   1.85712564    0.03789425   0.00321150
 82   1.85712564   1.85416520   -0.03481102   0.00296044
 83   1.85416520   1.85689378    0.03218651   0.00272858
 84   1.85689378   1.85437846   -0.02958679   0.00251532
 85   1.85437846   1.85669696    0.02734280   0.00231850
 86   1.85669696   1.85455978   -0.02514172   0.00213718
 87   1.85455978   1.85652959    0.02322674   0.00196981
 88   1.85652959   1.85471392   -0.02136230   0.00181568
 89   1.85471392   1.85638738    0.01972866   0.00167346
 90   1.85638738   1.85484481   -0.01815414   0.00154257
 91   1.85484481   1.85626674    0.01676178   0.00142193
 92   1.85626674   1.85495603   -0.01542473   0.00131071
 93   1.85495603   1.85616398    0.01423645   0.00120795
 94   1.85616398   1.85505056   -0.01310539   0.00111341
 95   1.85505056   1.85607684    0.01209354   0.00102627
 96   1.85607684   1.85513091   -0.01113510   0.00094593
 97   1.85513091   1.85600281    0.01027584   0.00087190
 98   1.85600281   1.85519910   -0.00946236   0.00080371
 99   1.85519910   1.85593987    0.00872898   0.00074077
100   1.85593987   1.85525715   -0.00803661   0.00068271
101   1.85525715   1.85588634    0.00741291   0.00062919
102   1.85588634   1.85530639   -0.00682831   0.00057995
103   1.85530639   1.85584092    0.00629711   0.00053453
104   1.85584092   1.85534823   -0.00580215   0.00049269
105   1.85534823   1.85580230    0.00534821   0.00045407
106   1.85580230   1.85538387   -0.00492668   0.00041842
107   1.85538387   1.85576952    0.00454426   0.00038564
108   1.85576952   1.85541403   -0.00418758   0.00035548
109   1.85541403   1.85574174    0.00386047   0.00032771
110   1.85574174   1.85543966   -0.00355721   0.00030208
111   1.85543966   1.85571814    0.00328064   0.00027847
112   1.85571814   1.85546148   -0.00302029   0.00025666
113   1.85546148   1.85569799    0.00278664   0.00023651
114   1.85569799   1.85547996   -0.00256824   0.00021803
115   1.85547996   1.85568094    0.00236702   0.00020099
116   1.85568094   1.85549569   -0.00218201   0.00018525
117   1.85549569   1.85566640    0.00201130   0.00017071
118   1.85566640   1.85550904   -0.00185394   0.00015736
119   1.85550904   1.85565412    0.00170898   0.00014508
120   1.85565412   1.85552037   -0.00157642   0.00013375
121   1.85552037   1.85564363    0.00145149   0.00012326
122   1.85564363   1.85553002   -0.00133801   0.00011361
123   1.85553002   1.85563481    0.00123501   0.00010478
124   1.85563481   1.85553825   -0.00113583   0.00009656
125   1.85553825   1.85562718    0.00104713   0.00008893
126   1.85562718   1.85554516   -0.00096703   0.00008202
127   1.85554516   1.85562074    0.00088978   0.00007558
128   1.85562074   1.85555112   -0.00082016   0.00006962
129   1.85555112   1.85561538    0.00075722   0.00006425
130   1.85561538   1.85555613   -0.00069809   0.00005925
131   1.85555613   1.85561073    0.00064373   0.00005460
132   1.85561073   1.85556042   -0.00059128   0.00005031
133   1.85556042   1.85560668    0.00054359   0.00004625
134   1.85560668   1.85556412   -0.00050163   0.00004256
135   1.85556412   1.85560334    0.00046253   0.00003922
136   1.85560334   1.85556722   -0.00042439   0.00003612
137   1.85556722   1.85560036    0.00038910   0.00003314
138   1.85560036   1.85556996   -0.00035858   0.00003040
139   1.85556996   1.85559797    0.00032997   0.00002801
140   1.85559797   1.85557222   -0.00030136   0.00002575
141   1.85557222   1.85559583    0.00027752   0.00002360
142   1.85559583   1.85557413   -0.00025558   0.00002170
143   1.85557413   1.85559416    0.00023651   0.00002003
144   1.85559416   1.85557568   -0.00021744   0.00001848
145   1.85557568   1.85559273    0.00020218   0.00001705
146   1.85559273   1.85557699   -0.00018501   0.00001574
147   1.85557699   1.85559154    0.00017166   0.00001454
148   1.85559154   1.85557818   -0.00015640   0.00001335
149   1.85557818   1.85559034    0.00014305   0.00001216
150   1.85559034   1.85557926   -0.00012970   0.00001109
151   1.85557926   1.85558939    0.00012016   0.00001013
152   1.85558939   1.85558009   -0.00010967   0.00000930
153   1.85558009   1.85558867    0.00010204   0.00000858
154   1.85558867   1.85558081   -0.00009155   0.00000787
155   1.85558081   1.85558796    0.00008488   0.00000715
156   1.85558796   1.85558128   -0.00007915   0.00000668
157   1.85558128   1.85558748    0.00007248   0.00000620
158   1.85558748   1.85558176   -0.00006866   0.00000572
159   1.85558176   1.85558701    0.00006104   0.00000525
160   1.85558701   1.85558224   -0.00005722   0.00000477
161   1.85558224   1.85558665    0.00005150   0.00000441
162   1.85558665   1.85558259   -0.00004673   0.00000405
163   1.85558259   1.85558629    0.00004387   0.00000370
164   1.85558629   1.85558283   -0.00004196   0.00000346
165   1.85558283   1.85558605    0.00003815   0.00000322
166   1.85558605   1.85558307   -0.00003624   0.00000298
167   1.85558307   1.85558581    0.00003147   0.00000274
168   1.85558581   1.85558331   -0.00003052   0.00000250
169   1.85558331   1.85558558    0.00002480   0.00000226
170   1.85558558   1.85558343   -0.00002670   0.00000215
171   1.85558343   1.85558546    0.00002384   0.00000203
172   1.85558546   1.85558355   -0.00002384   0.00000191
173   1.85558355   1.85558534    0.00002098   0.00000179
174   1.85558534   1.85558367   -0.00002098   0.00000167
175   1.85558367   1.85558522    0.00001717   0.00000155
176   1.85558522   1.85558379   -0.00001812   0.00000143
177   1.85558379   1.85558522    0.00001717   0.00000143
178   1.85558522   1.85558379   -0.00001812   0.00000143
179   1.85558379   1.85558522    0.00001717   0.00000143
180   1.85558522   1.85558379   -0.00001812   0.00000143
181   1.85558379   1.85558522    0.00001717   0.00000143
182   1.85558522   1.85558379   -0.00001812   0.00000143
183   1.85558379   1.85558522    0.00001717   0.00000143
184   1.85558522   1.85558379   -0.00001812   0.00000143
185   1.85558379   1.85558522    0.00001717   0.00000143
186   1.85558522   1.85558379   -0.00001812   0.00000143
187   1.85558379   1.85558522    0.00001717   0.00000143
188   1.85558522   1.85558379   -0.00001812   0.00000143
189   1.85558379   1.85558522    0.00001717   0.00000143
190   1.85558522   1.85558379   -0.00001812   0.00000143
191   1.85558379   1.85558522    0.00001717   0.00000143
192   1.85558522   1.85558379   -0.00001812   0.00000143
193   1.85558379   1.85558522    0.00001717   0.00000143
194   1.85558522   1.85558379   -0.00001812   0.00000143
195   1.85558379   1.85558522    0.00001717   0.00000143
196   1.85558522   1.85558379   -0.00001812   0.00000143
197   1.85558379   1.85558522    0.00001717   0.00000143
198   1.85558522   1.85558379   -0.00001812   0.00000143
199   1.85558379   1.85558522    0.00001717   0.00000143

p is initialized as 1.5

It.      Pn-1           Pn        f(Pn)     Absolute Error
 -----------------------------------------------------------
  1   1.50000000   2.26077676   13.86268616   0.76077676
  2   2.26077676   1.54882133   -5.79435158   0.71195543
  3   1.54882133   2.19415617   10.98353577   0.64533484
  4   2.19415617   1.59150624   -5.17596340   0.60264993
  5   1.59150624   2.13925028    8.80411148   0.54774404
  6   2.13925028   1.62867463   -4.59248877   0.51057565
  7   1.62867463   2.09377861    7.12487793   0.46510398
  8   2.09377861   1.66092587   -4.05064011   0.43285275
  9   1.66092587   2.05596757    5.81158447   0.39504170
 10   2.05596757   1.68882549   -3.55417061   0.36714208
 11   1.68882549   2.02442026    4.77145958   0.33559477
 12   2.02442026   1.71289754   -3.10443592   0.31152272
 13   1.71289754   1.99802434    3.93884754   0.28512681
 14   1.99802434   1.73362076   -2.70094490   0.26440358
 15   1.73362076   1.97588611    3.26631260   0.24226534
 16   1.97588611   1.75142658   -2.34190083   0.22445953
 17   1.75142658   1.95728183    2.71891212   0.20585525
 18   1.95728183   1.76670027   -2.02462435   0.19058156
 19   1.76670027   1.94162118    2.27047157   0.17492092
 20   1.94162118   1.77978337   -1.74591160   0.16183782
 21   1.77978337   1.92841947    1.90106678   0.14863610
 22   1.92841947   1.79097676   -1.50229359   0.13744271
 23   1.79097676   1.91727722    1.59534550   0.12630045
 24   1.91727722   1.80054355   -1.29025936   0.11673367
 25   1.80054355   1.90786386    1.34133244   0.10732031
 26   1.90786386   1.80871260   -1.10638523   0.09915125
 27   1.80871260   1.89990425    1.12956810   0.09119165
 28   1.89990425   1.81568301   -0.94742107   0.08422124
 29   1.81568301   1.89316905    0.95252514   0.07748604
 30   1.89316905   1.82162678   -0.81035233   0.07154226
 31   1.82162678   1.88746643    0.80415058   0.06583965
 32   1.88746643   1.82669234   -0.69242573   0.06077409
 33   1.82669234   1.88263547    0.67954254   0.05594313
 34   1.88263547   1.83100748   -0.59115791   0.05162799
 35   1.83100748   1.87854123    0.57471466   0.04753375
 36   1.87854123   1.83468199   -0.50433540   0.04385924
 37   1.83468199   1.87507010    0.48639870   0.04038811
 38   1.87507010   1.83780992   -0.42999649   0.03726017
 39   1.83780992   1.87212610    0.41189003   0.03431618
 40   1.87212610   1.84047163   -0.36642742   0.03165448
 41   1.84047163   1.86962867    0.34897041   0.02915704
 42   1.86962867   1.84273648   -0.31210804   0.02689219
 43   1.84273648   1.86750937    0.29578400   0.02477288
 44   1.86750937   1.84466290   -0.26574230   0.02284646
 45   1.84466290   1.86571074    0.25078964   0.02104783
 46   1.86571074   1.84630132   -0.22618961   0.01940942
 47   1.84630132   1.86418414    0.21270943   0.01788282
 48   1.86418414   1.84769440   -0.19247246   0.01648974
 49   1.84769440   1.86288822    0.18045712   0.01519382
 50   1.86288822   1.84887874   -0.16374397   0.01400948
 51   1.84887874   1.86178780    0.15312767   0.01290905
 52   1.86178780   1.84988570   -0.13927364   0.01190209
 53   1.84988570   1.86085355    0.12996387   0.01096785
 54   1.86085355   1.85074151   -0.11844444   0.01011205
 55   1.85074151   1.86006021    0.11032295   0.00931871
 56   1.86006021   1.85146904   -0.10071373   0.00859118
 57   1.85146904   1.85938632    0.09365845   0.00791728
 58   1.85938632   1.85208750   -0.08562279   0.00729883
 59   1.85208750   1.85881400    0.07952023   0.00672650
 60   1.85881400   1.85261297   -0.07278824   0.00620103
 61   1.85261297   1.85832787    0.06752300   0.00571489
 62   1.85832787   1.85305965   -0.06187153   0.00526822
 63   1.85305965   1.85791492    0.05733871   0.00485528
 64   1.85791492   1.85343909   -0.05258942   0.00447583
 65   1.85343909   1.85756433    0.04869938   0.00412524
 66   1.85756433   1.85376155   -0.04469776   0.00380278
 67   1.85376155   1.85726655    0.04136372   0.00350499
 68   1.85726655   1.85403550   -0.03798962   0.00323105
 69   1.85403550   1.85701358    0.03513432   0.00297809
 70   1.85701358   1.85426843   -0.03228283   0.00274515
 71   1.85426843   1.85679841    0.02983856   0.00252998
 72   1.85679841   1.85446632   -0.02743340   0.00233209
 73   1.85446632   1.85661590    0.02534962   0.00214958
 74   1.85661590   1.85463440   -0.02331352   0.00198150
 75   1.85463440   1.85646069    0.02153111   0.00182629
 76   1.85646069   1.85477734   -0.01980877   0.00168335
 77   1.85477734   1.85632885    0.01828861   0.00155151
 78   1.85632885   1.85489881   -0.01682949   0.00143003
 79   1.85489881   1.85621679    0.01553440   0.00131798
 80   1.85621679   1.85500193   -0.01429939   0.00121486
 81   1.85500193   1.85612166    0.01319504   0.00111973
 82   1.85612166   1.85508955   -0.01214981   0.00103211
 83   1.85508955   1.85604084    0.01120949   0.00095129
 84   1.85604084   1.85516405   -0.01032066   0.00087678
 85   1.85516405   1.85597217    0.00952244   0.00080812
 86   1.85597217   1.85522723   -0.00877190   0.00074494
 87   1.85522723   1.85591400    0.00809288   0.00068676
 88   1.85591400   1.85528088   -0.00745487   0.00063312
 89   1.85528088   1.85586441    0.00687408   0.00058353
 90   1.85586441   1.85532665   -0.00633144   0.00053775
 91   1.85532665   1.85582221    0.00583744   0.00049555
 92   1.85582221   1.85536551   -0.00537777   0.00045669
 93   1.85536551   1.85578644    0.00495911   0.00042093
 94   1.85578644   1.85539842   -0.00457001   0.00038803
 95   1.85539842   1.85575616    0.00421619   0.00035775
 96   1.85575616   1.85542631   -0.00388527   0.00032985
 97   1.85542631   1.85573041    0.00358295   0.00030410
 98   1.85573041   1.85545003   -0.00330162   0.00028038
 99   1.85545003   1.85570848    0.00304508   0.00025845
100   1.85570848   1.85547018   -0.00280762   0.00023830
101   1.85547018   1.85569000    0.00259018   0.00021982
102   1.85569000   1.85548723   -0.00238800   0.00020278
103   1.85548723   1.85567427    0.00220299   0.00018704
104   1.85567427   1.85550189   -0.00202942   0.00017238
105   1.85550189   1.85566068    0.00186920   0.00015879
106   1.85566068   1.85551429   -0.00172424   0.00014639
107   1.85551429   1.85564923    0.00158882   0.00013494
108   1.85564923   1.85552478   -0.00146770   0.00012445
109   1.85552478   1.85563970    0.00135517   0.00011492
110   1.85563970   1.85553372   -0.00124836   0.00010598
111   1.85553372   1.85563135    0.00115013   0.00009763
112   1.85563135   1.85554123   -0.00106335   0.00009012
113   1.85554123   1.85562444    0.00097942   0.00008321
114   1.85562444   1.85554767   -0.00090599   0.00007677
115   1.85554767   1.85561860    0.00083637   0.00007093
116   1.85561860   1.85555315   -0.00077057   0.00006545
117   1.85555315   1.85561347    0.00071144   0.00006032
118   1.85561347   1.85555792   -0.00065422   0.00005555
119   1.85555792   1.85560906    0.00060272   0.00005114
120   1.85560906   1.85556185   -0.00055790   0.00004721
121   1.85556185   1.85560548    0.00051403   0.00004363
122   1.85560548   1.85556519   -0.00047493   0.00004029
123   1.85556519   1.85560226    0.00043488   0.00003707
124   1.85560226   1.85556817   -0.00040054   0.00003409
125   1.85556817   1.85559964    0.00037098   0.00003147
126   1.85559964   1.85557055   -0.00034237   0.00002909
127   1.85557055   1.85559750    0.00031853   0.00002694
128   1.85559750   1.85557258   -0.00029373   0.00002491
129   1.85557258   1.85559559    0.00027084   0.00002301
130   1.85559559   1.85557437   -0.00024986   0.00002122
131   1.85557437   1.85559392    0.00023079   0.00001955
132   1.85559392   1.85557592   -0.00021172   0.00001800
133   1.85557592   1.85559249    0.00019550   0.00001657
134   1.85559249   1.85557723   -0.00017834   0.00001526
135   1.85557723   1.85559130    0.00016594   0.00001407
136   1.85559130   1.85557830   -0.00015354   0.00001299
137   1.85557830   1.85559022    0.00014019   0.00001192
138   1.85559022   1.85557926   -0.00012970   0.00001097
139   1.85557926   1.85558939    0.00012016   0.00001013
140   1.85558939   1.85558009   -0.00010967   0.00000930
141   1.85558009   1.85558867    0.00010204   0.00000858
142   1.85558867   1.85558081   -0.00009155   0.00000787
143   1.85558081   1.85558796    0.00008488   0.00000715
144   1.85558796   1.85558128   -0.00007915   0.00000668
145   1.85558128   1.85558748    0.00007248   0.00000620
146   1.85558748   1.85558176   -0.00006866   0.00000572
147   1.85558176   1.85558701    0.00006104   0.00000525
148   1.85558701   1.85558224   -0.00005722   0.00000477
149   1.85558224   1.85558665    0.00005150   0.00000441
150   1.85558665   1.85558259   -0.00004673   0.00000405
151   1.85558259   1.85558629    0.00004387   0.00000370
152   1.85558629   1.85558283   -0.00004196   0.00000346
153   1.85558283   1.85558605    0.00003815   0.00000322
154   1.85558605   1.85558307   -0.00003624   0.00000298
155   1.85558307   1.85558581    0.00003147   0.00000274
156   1.85558581   1.85558331   -0.00003052   0.00000250
157   1.85558331   1.85558558    0.00002480   0.00000226
158   1.85558558   1.85558343   -0.00002670   0.00000215
159   1.85558343   1.85558546    0.00002384   0.00000203
160   1.85558546   1.85558355   -0.00002384   0.00000191
161   1.85558355   1.85558534    0.00002098   0.00000179
162   1.85558534   1.85558367   -0.00002098   0.00000167
163   1.85558367   1.85558522    0.00001717   0.00000155
164   1.85558522   1.85558379   -0.00001812   0.00000143
165   1.85558379   1.85558522    0.00001717   0.00000143
166   1.85558522   1.85558379   -0.00001812   0.00000143
167   1.85558379   1.85558522    0.00001717   0.00000143
168   1.85558522   1.85558379   -0.00001812   0.00000143
169   1.85558379   1.85558522    0.00001717   0.00000143
170   1.85558522   1.85558379   -0.00001812   0.00000143
171   1.85558379   1.85558522    0.00001717   0.00000143
172   1.85558522   1.85558379   -0.00001812   0.00000143
173   1.85558379   1.85558522    0.00001717   0.00000143
174   1.85558522   1.85558379   -0.00001812   0.00000143
175   1.85558379   1.85558522    0.00001717   0.00000143
176   1.85558522   1.85558379   -0.00001812   0.00000143
177   1.85558379   1.85558522    0.00001717   0.00000143
178   1.85558522   1.85558379   -0.00001812   0.00000143
179   1.85558379   1.85558522    0.00001717   0.00000143
180   1.85558522   1.85558379   -0.00001812   0.00000143
181   1.85558379   1.85558522    0.00001717   0.00000143
182   1.85558522   1.85558379   -0.00001812   0.00000143
183   1.85558379   1.85558522    0.00001717   0.00000143
184   1.85558522   1.85558379   -0.00001812   0.00000143
185   1.85558379   1.85558522    0.00001717   0.00000143
186   1.85558522   1.85558379   -0.00001812   0.00000143
187   1.85558379   1.85558522    0.00001717   0.00000143
188   1.85558522   1.85558379   -0.00001812   0.00000143
189   1.85558379   1.85558522    0.00001717   0.00000143
190   1.85558522   1.85558379   -0.00001812   0.00000143
191   1.85558379   1.85558522    0.00001717   0.00000143
192   1.85558522   1.85558379   -0.00001812   0.00000143
193   1.85558379   1.85558522    0.00001717   0.00000143
194   1.85558522   1.85558379   -0.00001812   0.00000143
195   1.85558379   1.85558522    0.00001717   0.00000143
196   1.85558522   1.85558379   -0.00001812   0.00000143
197   1.85558379   1.85558522    0.00001717   0.00000143
198   1.85558522   1.85558379   -0.00001812   0.00000143
199   1.85558379   1.85558522    0.00001717   0.00000143
