    It.         a              b              x               f(x)           Relative Error
 ---------------------------------------------------------------------------------------------
  |  1  |  1.00000000  |  3.00000000  |  2.00000000  |  -4.79758739E-01  |   5.00000000E-01  |
 ---------------------------------------------------------------------------------------------
  |  2  |  1.00000000  |  2.00000000  |  1.50000000  |   1.01580620E+00  |   3.33333343E-01  |
 ---------------------------------------------------------------------------------------------
  |  3  |  1.50000000  |  2.00000000  |  1.75000000  |   4.79382992E-01  |   1.42857149E-01  |
 ---------------------------------------------------------------------------------------------
  |  4  |  1.75000000  |  2.00000000  |  1.87500000  |   5.82666397E-02  |   6.66666701E-02  |
 ---------------------------------------------------------------------------------------------
  |  5  |  1.87500000  |  2.00000000  |  1.93750000  |  -1.95361614E-01  |   3.22580636E-02  |
 ---------------------------------------------------------------------------------------------
  |  6  |  1.87500000  |  1.93750000  |  1.90625000  |  -6.48012161E-02  |   1.63934417E-02  |
 ---------------------------------------------------------------------------------------------
  |  7  |  1.87500000  |  1.90625000  |  1.89062500  |  -2.34270096E-03  |   8.26446246E-03  |
 ---------------------------------------------------------------------------------------------
  |  8  |  1.87500000  |  1.89062500  |  1.88281250  |   2.81915665E-02  |   4.14937781E-03  |
 ---------------------------------------------------------------------------------------------
  |  9  |  1.88281250  |  1.89062500  |  1.88671875  |   1.29818916E-02  |   2.07039341E-03  |
 ---------------------------------------------------------------------------------------------
  | 10  |  1.88671875  |  1.89062500  |  1.88867188  |   5.33390045E-03  |   1.03412615E-03  |
 ---------------------------------------------------------------------------------------------
  | 11  |  1.88867188  |  1.89062500  |  1.88964844  |   1.49917603E-03  |   5.16795844E-04  |
 ---------------------------------------------------------------------------------------------
  | 12  |  1.88964844  |  1.89062500  |  1.89013672  |  -4.20570374E-04  |   2.58331187E-04  |
 ---------------------------------------------------------------------------------------------
  | 13  |  1.88964844  |  1.89013672  |  1.88989258  |   5.39302826E-04  |   1.29182270E-04  |
 ---------------------------------------------------------------------------------------------
  | 14  |  1.88989258  |  1.89013672  |  1.89001465  |   5.91278076E-05  |   6.45869659E-05  |
 ---------------------------------------------------------------------------------------------
  | 15  |  1.89001465  |  1.89013672  |  1.89007568  |  -1.80721283E-04  |   3.22924388E-05  |
 ---------------------------------------------------------------------------------------------
  | 16  |  1.89001465  |  1.89007568  |  1.89004517  |  -6.05583191E-05  |   1.61464814E-05  |
 ---------------------------------------------------------------------------------------------
  | 17  |  1.89001465  |  1.89004517  |  1.89002991  |  -4.76837158E-07  |   8.07330525E-06  |
 ---------------------------------------------------------------------------------------------
  | 18  |  1.89001465  |  1.89002991  |  1.89002228  |   2.90870667E-05  |   4.03666900E-06  |
 ---------------------------------------------------------------------------------------------
  | 19  |  1.89002228  |  1.89002991  |  1.89002609  |   1.43051147E-05  |   2.01833041E-06  |
 ---------------------------------------------------------------------------------------------
  | 20  |  1.89002609  |  1.89002991  |  1.89002800  |   6.67572021E-06  |   1.00916418E-06  |
 ---------------------------------------------------------------------------------------------
  | 21  |  1.89002800  |  1.89002991  |  1.89002895  |   3.33786011E-06  |   5.04581863E-07  |
 ---------------------------------------------------------------------------------------------
  | 22  |  1.89002895  |  1.89002991  |  1.89002943  |   9.53674316E-07  |   2.52290874E-07  |
 ---------------------------------------------------------------------------------------------
  | 23  |  1.89002943  |  1.89002991  |  1.89002967  |   0.00000000E+00  |   1.26145423E-07  |
 ---------------------------------------------------------------------------------------------
