    It.         a              b              x               f(x)           Relative Error
 ---------------------------------------------------------------------------------------------
  |  1  |    1.000000  |    2.000000  |    1.678309  |  -5.45673847E-01  |   4.04162019E-01  |
 ---------------------------------------------------------------------------------------------
  |  2  |    1.678309  |    2.000000  |    1.808103  |  -8.57384130E-02  |   7.17848241E-02  |
 ---------------------------------------------------------------------------------------------
  |  3  |    1.808103  |    2.000000  |    1.826538  |  -1.16449632E-02  |   1.00926710E-02  |
 ---------------------------------------------------------------------------------------------
  |  4  |    1.826538  |    2.000000  |    1.829006  |  -1.54940074E-03  |   1.34942669E-03  |
 ---------------------------------------------------------------------------------------------
  |  5  |    1.829006  |    2.000000  |    1.829334  |  -2.05368255E-04  |   1.79204901E-04  |
 ---------------------------------------------------------------------------------------------
  |  6  |    1.829334  |    2.000000  |    1.829377  |  -2.72379093E-05  |   2.37848126E-05  |
 ---------------------------------------------------------------------------------------------
  |  7  |    1.829377  |    2.000000  |    1.829383  |  -2.76922560E-06  |   3.19301944E-06  |
 ---------------------------------------------------------------------------------------------
